0.00999995, 2.23374
0.0199997, 2.23367
0.0299989, 2.23355
0.0399975, 2.23338
0.0499953, 2.23317
0.059992, 2.23291
0.0699874, 2.23261
0.0799814, 2.23226
0.0899738, 2.23187
0.0999643, 2.23144
0.109953, 2.23095
0.119939, 2.23043
0.129923, 2.22986
0.139904, 2.22924
0.149882, 2.22858
0.159857, 2.22788
0.169829, 2.22713
0.179797, 2.22634
0.189762, 2.2255
0.199723, 2.22461
0.20968, 2.22369
0.219632, 2.22271
0.22958, 2.22169
0.239524, 2.22063
0.249462, 2.21953
0.259396, 2.21837
0.269324, 2.21718
0.279247, 2.21594
0.289164, 2.21465
0.299075, 2.21332
0.30898, 2.21195
0.318879, 2.21053
0.328772, 2.20907
0.338657, 2.20756
0.348536, 2.20601
0.358408, 2.20441
0.368273, 2.20277
0.37813, 2.20109
0.387979, 2.19936
0.397821, 2.19758
0.407654, 2.19577
0.417479, 2.19391
0.427296, 2.192
0.437104, 2.19005
0.446903, 2.18806
0.456694, 2.18602
0.466474, 2.18394
0.476246, 2.18181
0.486008, 2.17964
0.49576, 2.17743
0.505502, 2.17517
0.515233, 2.17287
0.524955, 2.17053
0.534665, 2.16814
0.544365, 2.16571
0.554054, 2.16323
0.563732, 2.16071
0.573398, 2.15815
0.583052, 2.15554
0.592695, 2.1529
0.602326, 2.1502
0.611944, 2.14747
0.62155, 2.14469
0.631144, 2.14187
0.640724, 2.139
0.650292, 2.13609
0.659847, 2.13314
0.669388, 2.13015
0.678916, 2.12711
0.688429, 2.12403
0.697929, 2.12091
0.707415, 2.11774
0.716887, 2.11453
0.726344, 2.11128
0.735786, 2.10799
0.745213, 2.10465
0.754625, 2.10128
0.764022, 2.09786
0.773404, 2.09439
0.782769, 2.09089
0.792119, 2.08734
0.801453, 2.08375
0.81077, 2.08012
0.820072, 2.07645
0.829356, 2.07273
0.838624, 2.06898
0.847874, 2.06518
0.857108, 2.06134
0.866324, 2.05746
0.875522, 2.05354
0.884703, 2.04957
0.893866, 2.04557
0.90301, 2.04152
0.912136, 2.03743
0.921244, 2.0333
0.930333, 2.02913
0.939403, 2.02492
0.948455, 2.02067
0.957486, 2.01638
0.966499, 2.01204
0.975491, 2.00767
0.984464, 2.00326
0.993417, 1.9988
1.00235, 1.99431
1.01126, 1.98977
1.02015, 1.98519
1.02903, 1.98058
1.03788, 1.97592
1.0467, 1.97123
1.05551, 1.96649
1.0643, 1.96172
1.07306, 1.9569
1.08181, 1.95205
1.09053, 1.94716
1.09923, 1.94222
1.1079, 1.93725
1.11656, 1.93224
1.12519, 1.92719
1.13379, 1.9221
1.14238, 1.91697
1.15094, 1.9118
1.15948, 1.9066
1.16799, 1.90135
1.17648, 1.89607
1.18495, 1.89075
1.19339, 1.88539
1.20181, 1.87999
1.21021, 1.87456
1.21858, 1.86908
1.22692, 1.86357
1.23524, 1.85802
1.24353, 1.85244
1.2518, 1.84681
1.26004, 1.84115
1.26826, 1.83545
1.27645, 1.82972
1.28462, 1.82394
1.29276, 1.81813
1.30087, 1.81229
1.30896, 1.8064
1.31701, 1.80048
1.32505, 1.79453
1.33305, 1.78853
1.34103, 1.7825
1.34898, 1.77644
1.3569, 1.77034
1.3648, 1.7642
1.37266, 1.75803
1.3805, 1.75182
1.38831, 1.74557
1.3961, 1.73929
1.40385, 1.73298
1.41157, 1.72663
1.41927, 1.72024
1.42694, 1.71382
1.43457, 1.70736
1.44218, 1.70087
1.44976, 1.69435
1.45731, 1.68779
1.46482, 1.68119
1.47231, 1.67457
1.47977, 1.6679
1.4872, 1.66121
1.49459, 1.65448
1.50196, 1.64771
1.50929, 1.64092
1.5166, 1.63409
1.52387, 1.62722
1.53111, 1.62032
1.53832, 1.61339
1.5455, 1.60643
1.55264, 1.59943
1.55975, 1.59241
1.56683, 1.58534
1.57388, 1.57825
1.5809, 1.57112
1.58788, 1.56397
1.59483, 1.55678
1.60175, 1.54955
1.60863, 1.5423
1.61548, 1.53502
1.6223, 1.5277
1.62908, 1.52035
1.63583, 1.51297
1.64255, 1.50556
1.64923, 1.49812
1.65587, 1.49065
1.66248, 1.48315
1.66906, 1.47561
1.6756, 1.46805
1.68211, 1.46046
1.68858, 1.45283
1.69502, 1.44518
1.70142, 1.4375
1.70778, 1.42978
1.71411, 1.42204
1.7204, 1.41427
1.72666, 1.40647
1.73288, 1.39864
1.73907, 1.39078
1.74521, 1.38289
1.75132, 1.37498
1.7574, 1.36703
1.76343, 1.35906
1.76943, 1.35106
1.77539, 1.34303
1.78132, 1.33497
1.7872, 1.32689
1.79305, 1.31878
1.79886, 1.31064
1.80463, 1.30247
1.81036, 1.29428
1.81606, 1.28606
1.82171, 1.27781
1.82733, 1.26954
1.83291, 1.26123
1.83844, 1.25291
1.84394, 1.24456
1.8494, 1.23618
1.85482, 1.22777
1.8602, 1.21934
1.86554, 1.21089
1.87083, 1.2024
1.87609, 1.1939
1.88131, 1.18537
1.88648, 1.17681
1.89162, 1.16823
1.89671, 1.15962
1.90176, 1.15099
1.90677, 1.14234
1.91174, 1.13366
1.91667, 1.12496
1.92155, 1.11623
1.92639, 1.10748
1.93119, 1.09871
1.93595, 1.08991
1.94066, 1.08109
1.94533, 1.07225
1.94995, 1.06338
1.95454, 1.05449
1.95908, 1.04558
1.96357, 1.03665
1.96802, 1.02769
1.97242, 1.01872
1.97679, 1.00972
1.9811, 1.0007
1.98537, 0.991654
1.9896, 0.982591
1.99378, 0.973506
1.99791, 0.9644
2.002, 0.955274
2.00604, 0.946127
2.01003, 0.936959
2.01398, 0.927771
2.01788, 0.918564
2.02173, 0.909336
2.02554, 0.900088
2.0293, 0.890821
2.03301, 0.881534
2.03667, 0.872228
2.04028, 0.862903
2.04384, 0.853559
2.04736, 0.844197
2.05082, 0.834816
2.05423, 0.825417
2.0576, 0.815999
2.06091, 0.806564
2.06417, 0.797111
2.06738, 0.78764
2.07054, 0.778152
2.07364, 0.768646
2.0767, 0.759124
2.0797, 0.749585
2.08265, 0.740029
2.08554, 0.730457
2.08838, 0.720868
2.09116, 0.711264
2.09389, 0.701644
2.09657, 0.692008
2.09919, 0.682357
2.10175, 0.672691
2.10425, 0.66301
2.1067, 0.653314
2.10909, 0.643603
2.11142, 0.633879
2.11369, 0.62414
2.11591, 0.614388
2.11806, 0.604622
2.12015, 0.594843
2.12218, 0.585051
2.12414, 0.575246
2.12604, 0.565429
2.12788, 0.555599
2.12966, 0.545758
2.13136, 0.535904
2.133, 0.52604
2.13458, 0.516165
2.13608, 0.506278
2.13752, 0.496382
2.13888, 0.486475
2.14017, 0.476559
2.14139, 0.466634
2.14254, 0.4567
2.1436, 0.446757
2.14459, 0.436806
2.14551, 0.426847
2.14633, 0.416882
2.14708, 0.40691
2.14774, 0.396931
2.14831, 0.386948
2.14879, 0.376959
2.14918, 0.366967
2.14947, 0.356971
2.14966, 0.346973
2.14974, 0.336973
2.14972, 0.326973
2.14957, 0.316974
2.1493, 0.306978
2.1489, 0.296986
2.14836, 0.287001
2.14766, 0.277025
2.14679, 0.267064
2.14572, 0.257121
2.14443, 0.247204
2.14287, 0.237326
2.141, 0.227503
2.13871, 0.217769
2.13586, 0.208185
2.13215, 0.198897
2.12697, 0.190343
2.11896, 0.184354
2.10899, 0.185121
2.10048, 0.190374
2.09309, 0.197106
2.0863, 0.204446
2.07985, 0.212089
2.0736, 0.219899
2.06747, 0.227801
2.06141, 0.235751
2.05537, 0.24372
2.04932, 0.251689
2.04326, 0.259641
2.03716, 0.267567
2.03102, 0.275456
2.02482, 0.2833
2.01855, 0.291094
2.01222, 0.298832
2.00581, 0.306509
1.99932, 0.31412
1.99276, 0.321662
1.98611, 0.32913
1.97937, 0.336521
1.97255, 0.343832
1.96564, 0.35106
1.95864, 0.358201
1.95155, 0.365253
1.94436, 0.372213
1.93709, 0.379078
1.92973, 0.385845
1.92228, 0.392513
1.91474, 0.399078
1.9071, 0.405538
1.89938, 0.411891
1.89157, 0.418135
1.88367, 0.424267
1.87568, 0.430284
1.86761, 0.436186
1.85945, 0.441969
1.85121, 0.447631
1.84288, 0.453171
1.83448, 0.458587
1.82599, 0.463877
1.81743, 0.469038
1.80878, 0.474069
1.80007, 0.478968
1.79127, 0.483733
1.78241, 0.488363
1.77348, 0.492856
1.76447, 0.49721
1.75541, 0.501425
1.74627, 0.505497
1.73708, 0.509426
1.72782, 0.513211
1.71851, 0.51685
1.70914, 0.520341
1.69971, 0.523684
1.69023, 0.526877
1.68071, 0.52992
1.67113, 0.53281
1.66152, 0.535548
1.65186, 0.538132
1.64216, 0.540561
1.63242, 0.542835
1.62264, 0.544952
1.61284, 0.546912
1.603, 0.548714
1.59314, 0.550357
1.58325, 0.551842
1.57334, 0.553168
1.56341, 0.554333
1.55346, 0.555339
1.54349, 0.556183
1.53352, 0.556868
1.52353, 0.557391
1.51354, 0.557753
1.50354, 0.557954
1.49354, 0.557995
1.48354, 0.557874
1.47354, 0.557593
1.46355, 0.557151
1.45357, 0.556548
1.4436, 0.555786
1.43364, 0.554864
1.4237, 0.553784
1.41378, 0.552544
1.40388, 0.551147
1.394, 0.549593
1.38414, 0.547882
1.37432, 0.546015
1.36453, 0.543993
1.35477, 0.541817
1.34504, 0.539488
1.33535, 0.537007
1.32571, 0.534374
1.3161, 0.531592
1.30654, 0.528662
1.29703, 0.525583
1.28756, 0.522359
1.27815, 0.518989
1.26878, 0.515476
1.25947, 0.511821
1.25022, 0.508026
1.24103, 0.504092
1.2319, 0.50002
1.22282, 0.495812
1.21382, 0.491471
1.20487, 0.486997
1.196, 0.482392
1.18719, 0.477659
1.17845, 0.472798
1.16978, 0.467813
1.16118, 0.462705
1.15266, 0.457475
1.14421, 0.452126
1.13584, 0.44666
1.12754, 0.44108
1.11932, 0.435386
1.11117, 0.429581
1.10311, 0.423667
1.09513, 0.417647
1.08722, 0.411522
1.0794, 0.405296
1.07165, 0.398969
1.06399, 0.392545
1.05641, 0.386025
1.0489, 0.379411
1.04148, 0.372707
1.03415, 0.365915
1.02689, 0.359036
1.01971, 0.352072
1.01261, 0.345028
1.0056, 0.337904
0.998657, 0.330703
0.991796, 0.323427
0.985013, 0.316079
0.978307, 0.308661
0.971676, 0.301176
0.96512, 0.293625
0.958636, 0.286012
0.952224, 0.278338
0.945882, 0.270606
0.939609, 0.262819
0.933401, 0.254979
0.927258, 0.247088
0.921177, 0.239149
0.915156, 0.231165
0.909192, 0.223139
0.903282, 0.215072
0.897422, 0.206968
0.89161, 0.198831
0.885842, 0.190662
0.880112, 0.182466
0.874417, 0.174247
0.868749, 0.166008
0.863102, 0.157755
0.857469, 0.149493
0.851839, 0.141228
0.846201, 0.132969
0.840538, 0.124727
0.834832, 0.116514
0.829056, 0.108352
0.82317, 0.100267
0.817122, 0.0923036
0.810824, 0.084536
0.804135, 0.0771018
0.796811, 0.0702941
0.78843, 0.064839
0.778701, 0.0625267
0.769007, 0.0649849
0.760691, 0.0705378
0.753436, 0.0774207
0.746824, 0.0849228
0.74061, 0.0927573
0.734652, 0.100789
0.728866, 0.108945
0.723197, 0.117183
0.717607, 0.125475
0.71207, 0.133801
0.706565, 0.14215
0.701076, 0.150509
0.695593, 0.158872
0.690106, 0.167231
0.684605, 0.175583
0.679084, 0.183921
0.673538, 0.192242
0.667962, 0.200543
0.66235, 0.208819
0.656698, 0.217069
0.651004, 0.22529
0.645264, 0.233478
0.639474, 0.241631
0.633632, 0.249747
0.627735, 0.257824
0.621781, 0.265859
0.615769, 0.273849
0.609694, 0.281793
0.603557, 0.289688
0.597355, 0.297532
0.591087, 0.305324
0.58475, 0.31306
0.578344, 0.320739
0.571868, 0.328358
0.565319, 0.335916
0.558698, 0.34341
0.552003, 0.350838
0.545234, 0.358198
0.538389, 0.365489
0.531468, 0.372707
0.52447, 0.37985
0.517396, 0.386918
0.510243, 0.393907
0.503013, 0.400815
0.495705, 0.407641
0.488319, 0.414382
0.480854, 0.421036
0.473311, 0.427601
0.46569, 0.434076
0.457991, 0.440458
0.450214, 0.446744
0.44236, 0.452934
0.434429, 0.459025
0.426422, 0.465015
0.418339, 0.470903
0.41018, 0.476685
0.401947, 0.482361
0.39364, 0.487928
0.38526, 0.493385
0.376808, 0.498729
0.368285, 0.50396
0.359692, 0.509074
0.351029, 0.514071
0.342299, 0.518948
0.333503, 0.523704
0.324641, 0.528337
0.315715, 0.532846
0.306726, 0.537228
0.297676, 0.541483
0.288567, 0.545608
0.279399, 0.549602
0.270175, 0.553464
0.260896, 0.557192
0.251564, 0.560785
0.24218, 0.564242
0.232747, 0.56756
0.223266, 0.570739
0.213738, 0.573777
0.204167, 0.576673
0.194553, 0.579427
0.1849, 0.582036
0.175208, 0.5845
0.16548, 0.586818
0.155719, 0.588988
0.145925, 0.59101
0.136102, 0.592882
0.126252, 0.594604
0.116376, 0.596176
0.106477, 0.597595
0.0965576, 0.598862
0.0866198, 0.599976
0.076666, 0.600935
0.0666984, 0.60174
0.0567196, 0.60239
0.0467318, 0.602884
0.0367375, 0.603222
0.0267392, 0.603404
0.0167392, 0.603428
0.00674007, 0.603295
-0.00325572, 0.603005
-0.0132457, 0.602557
-0.0232273, 0.601951
-0.033198, 0.601186
-0.0431554, 0.600264
-0.0530968, 0.599183
-0.0630198, 0.597944
-0.0729217, 0.596547
-0.0828, 0.594992
-0.0926522, 0.593278
-0.102476, 0.591408
-0.112268, 0.589379
-0.122026, 0.587194
-0.131748, 0.584852
-0.141431, 0.582353
-0.151072, 0.579699
-0.160669, 0.576889
-0.17022, 0.573925
-0.179721, 0.570806
-0.18917, 0.567533
-0.198565, 0.564108
-0.207903, 0.56053
-0.217182, 0.556801
-0.226399, 0.552922
-0.235551, 0.548893
-0.244637, 0.544715
-0.253653, 0.540389
-0.262597, 0.535917
-0.271467, 0.531299
-0.28026, 0.526537
-0.288974, 0.521631
-0.297607, 0.516583
-0.306155, 0.511394
-0.314617, 0.506066
-0.322991, 0.500599
-0.331273, 0.494996
-0.339462, 0.489257
-0.347556, 0.483384
-0.355552, 0.477378
-0.363448, 0.471242
-0.371242, 0.464976
-0.378931, 0.458583
-0.386513, 0.452063
-0.393987, 0.445419
-0.40135, 0.438653
-0.408601, 0.431766
-0.415736, 0.42476
-0.422754, 0.417636
-0.429654, 0.410398
-0.436433, 0.403046
-0.443089, 0.395583
-0.44962, 0.388011
-0.456025, 0.380331
-0.462302, 0.372546
-0.468449, 0.364658
-0.474463, 0.356669
-0.480345, 0.348582
-0.486091, 0.340398
-0.4917, 0.332119
-0.497171, 0.323748
-0.502502, 0.315288
-0.507692, 0.30674
-0.512739, 0.298107
-0.517641, 0.289391
-0.522397, 0.280594
-0.527007, 0.27172
-0.531468, 0.26277
-0.535779, 0.253747
-0.539939, 0.244654
-0.543947, 0.235492
-0.547802, 0.226265
-0.551503, 0.216975
-0.555048, 0.207624
-0.558437, 0.198216
-0.561668, 0.188753
-0.564741, 0.179236
-0.567655, 0.16967
-0.570408, 0.160057
-0.573001, 0.150399
-0.575432, 0.140699
-0.577701, 0.13096
-0.579807, 0.121184
-0.58175, 0.111375
-0.583528, 0.101534
-0.585142, 0.091665
-0.586591, 0.0817705
-0.587874, 0.0718532
-0.588992, 0.0619159
-0.589943, 0.0519612
-0.590728, 0.0419921
-0.591346, 0.0320112
-0.591798, 0.0220214
-0.592082, 0.0120254
-0.592199, 0.00202613
-0.59215, -0.00797375
-0.591933, -0.0179714
-0.591549, -0.027964
-0.590999, -0.0379489
-0.590281, -0.0479231
-0.589397, -0.057884
-0.588347, -0.0678287
-0.587131, -0.0777544
-0.585749, -0.0876585
-0.584202, -0.0975381
-0.58249, -0.107391
-0.580614, -0.117213
-0.578574, -0.127003
-0.576371, -0.136757
-0.574006, -0.146473
-0.571478, -0.156148
-0.56879, -0.16578
-0.565941, -0.175366
-0.562932, -0.184903
-0.559765, -0.194388
-0.55644, -0.203819
-0.552958, -0.213193
-0.549321, -0.222508
-0.545528, -0.231761
-0.541582, -0.240949
-0.537483, -0.250071
-0.533233, -0.259123
-0.528832, -0.268102
-0.524283, -0.277008
-0.519586, -0.285836
-0.514742, -0.294585
-0.509754, -0.303252
-0.504622, -0.311834
-0.499348, -0.320331
-0.493934, -0.328738
-0.48838, -0.337054
-0.48269, -0.345277
-0.476863, -0.353404
-0.470902, -0.361433
-0.464808, -0.369362
-0.458584, -0.377189
-0.452231, -0.384911
-0.445751, -0.392528
-0.439145, -0.400035
-0.432416, -0.407432
-0.425565, -0.414717
-0.418594, -0.421887
-0.411506, -0.428941
-0.404302, -0.435877
-0.396984, -0.442692
-0.389555, -0.449386
-0.382016, -0.455956
-0.37437, -0.462401
-0.366618, -0.468718
-0.358764, -0.474907
-0.350808, -0.480966
-0.342754, -0.486893
-0.334603, -0.492686
-0.326358, -0.498345
-0.318021, -0.503867
-0.309595, -0.509252
-0.301081, -0.514497
-0.292482, -0.519603
-0.283801, -0.524566
-0.27504, -0.529387
-0.2662, -0.534063
-0.257286, -0.538595
-0.248299, -0.54298
-0.239241, -0.547218
-0.230116, -0.551307
-0.220925, -0.555247
-0.211671, -0.559037
-0.202356, -0.562676
-0.192984, -0.566163
-0.183556, -0.569498
-0.174076, -0.572679
-0.164545, -0.575706
-0.154966, -0.578579
-0.145343, -0.581297
-0.135676, -0.583858
-0.12597, -0.586264
-0.116226, -0.588513
-0.106448, -0.590605
-0.0966364, -0.592539
-0.0867956, -0.594316
-0.0769276, -0.595936
-0.0670349, -0.597397
-0.0571202, -0.5987
-0.0471859, -0.599845
-0.0372347, -0.600831
-0.0272691, -0.60166
-0.0172916, -0.60233
-0.0073047, -0.602842
0.00268902, -0.603197
0.0126871, -0.603393
0.022687, -0.603433
0.0326863, -0.603315
0.0426825, -0.60304
0.0526733, -0.602609
0.062656, -0.602022
0.0726284, -0.60128
0.0825881, -0.600383
0.0925327, -0.599332
0.10246, -0.598127
0.112367, -0.596769
0.122253, -0.595259
0.132114, -0.593598
0.141948, -0.591786
0.151754, -0.589825
0.161529, -0.587715
0.17127, -0.585457
0.180977, -0.583052
0.190646, -0.580502
0.200276, -0.577806
0.209865, -0.574968
0.21941, -0.571987
0.22891, -0.568865
0.238363, -0.565603
0.247768, -0.562202
0.257121, -0.558665
0.266422, -0.554991
0.275668, -0.551183
0.284859, -0.547242
0.293992, -0.54317
0.303066, -0.538968
0.31208, -0.534637
0.321031, -0.530179
0.32992, -0.525596
0.338743, -0.52089
0.3475, -0.516062
0.35619, -0.511113
0.364811, -0.506046
0.373363, -0.500863
0.381844, -0.495564
0.390253, -0.490153
0.39859, -0.48463
0.406853, -0.478998
0.415042, -0.473258
0.423155, -0.467413
0.431194, -0.461465
0.439156, -0.455414
0.447041, -0.449264
0.454849, -0.443017
0.46258, -0.436673
0.470232, -0.430236
0.477807, -0.423707
0.485303, -0.417089
0.492721, -0.410383
0.500061, -0.403591
0.507323, -0.396716
0.514507, -0.389759
0.521613, -0.382724
0.528642, -0.375611
0.535594, -0.368422
0.542469, -0.361161
0.549269, -0.353829
0.555994, -0.346428
0.562645, -0.33896
0.569223, -0.331428
0.575728, -0.323834
0.582163, -0.316179
0.588527, -0.308465
0.594823, -0.300696
0.601052, -0.292873
0.607215, -0.284998
0.613315, -0.277074
0.619352, -0.269102
0.62533, -0.261085
0.631249, -0.253025
0.637113, -0.244925
0.642923, -0.236786
0.648684, -0.228612
0.654396, -0.220404
0.660065, -0.212166
0.665692, -0.2039
0.671283, -0.195608
0.67684, -0.187295
0.682371, -0.178963
0.687878, -0.170617
0.693371, -0.16226
0.698855, -0.153898
0.704339, -0.145536
0.709836, -0.137182
0.715358, -0.128846
0.720924, -0.120538
0.726558, -0.112275
0.732291, -0.104082
0.73817, -0.0959931
0.744268, -0.0880671
0.750697, -0.0804075
0.757651, -0.073222
0.765475, -0.0669941
0.774636, -0.0629846
0.784629, -0.0633778
0.793572, -0.0678519
0.801264, -0.0742421
0.808172, -0.0814725
0.814607, -0.0891272
0.820744, -0.0970226
0.826687, -0.105065
0.832502, -0.1132
0.838233, -0.121395
0.843911, -0.129627
0.849557, -0.137881
0.855188, -0.146144
0.860819, -0.154408
0.866459, -0.162666
0.872117, -0.170911
0.877801, -0.179139
0.883516, -0.187345
0.889268, -0.195525
0.895062, -0.203675
0.900902, -0.211793
0.906791, -0.219875
0.912733, -0.227918
0.918731, -0.23592
0.924787, -0.243877
0.930905, -0.251788
0.937086, -0.259649
0.943332, -0.267458
0.949646, -0.275212
0.95603, -0.28291
0.962484, -0.290548
0.969011, -0.298124
0.975612, -0.305636
0.982287, -0.313082
0.989039, -0.320459
0.995868, -0.327764
1.00277, -0.334995
1.00976, -0.342151
1.01683, -0.349228
1.02397, -0.356224
1.0312, -0.363138
1.0385, -0.369966
1.04589, -0.376706
1.05336, -0.383356
1.06091, -0.389914
1.06854, -0.396378
1.07625, -0.402744
1.08404, -0.409012
1.09191, -0.415178
1.09987, -0.421241
1.1079, -0.427198
1.11601, -0.433047
1.1242, -0.438786
1.13246, -0.444413
1.14081, -0.449926
1.14923, -0.455322
1.15772, -0.4606
1.16629, -0.465758
1.17493, -0.470794
1.18364, -0.475705
1.19242, -0.48049
1.20127, -0.485147
1.21018, -0.489674
1.21917, -0.494069
1.22821, -0.498331
1.23732, -0.502458
1.24649, -0.506449
1.25572, -0.510301
1.26501, -0.514013
1.27435, -0.517583
1.28374, -0.521011
1.29319, -0.524294
1.30268, -0.527432
1.31222, -0.530423
1.32181, -0.533265
1.33144, -0.535958
1.34111, -0.538501
1.35082, -0.540892
1.36057, -0.54313
1.37035, -0.545214
1.38016, -0.547144
1.39, -0.548918
1.39987, -0.550536
1.40976, -0.551997
1.41968, -0.553301
1.42961, -0.554446
1.43956, -0.555432
1.44953, -0.556259
1.45951, -0.556926
1.46949, -0.557433
1.47949, -0.557779
1.48949, -0.557965
1.49949, -0.55799
1.50949, -0.557854
1.51948, -0.557557
1.52947, -0.557099
1.53945, -0.55648
1.54942, -0.5557
1.55938, -0.55476
1.56932, -0.553659
1.57924, -0.552398
1.58913, -0.550978
1.59901, -0.549399
1.60886, -0.547661
1.61868, -0.545765
1.62846, -0.543711
1.63822, -0.541501
1.64793, -0.539135
1.65761, -0.536614
1.66724, -0.533938
1.67684, -0.531109
1.68638, -0.528128
1.69588, -0.524996
1.70532, -0.521713
1.71472, -0.518282
1.72405, -0.514703
1.73333, -0.510977
1.74255, -0.507106
1.75171, -0.503092
1.76081, -0.498935
1.76984, -0.494637
1.7788, -0.4902
1.78769, -0.485625
1.79651, -0.480915
1.80526, -0.476069
1.81393, -0.471092
1.82253, -0.465983
1.83105, -0.460745
1.83949, -0.455381
1.84785, -0.449891
1.85612, -0.444277
1.86431, -0.438543
1.87242, -0.432689
1.88044, -0.426718
1.88838, -0.420633
1.89623, -0.414434
1.90398, -0.408125
1.91165, -0.401708
1.91923, -0.395185
1.92672, -0.388559
1.93412, -0.381831
1.94143, -0.375006
1.94865, -0.368084
1.95577, -0.361069
1.96281, -0.353964
1.96976, -0.346771
1.97662, -0.339493
1.98339, -0.332134
1.99007, -0.324696
1.99667, -0.317184
2.00319, -0.309601
2.00963, -0.30195
2.01599, -0.294236
2.02229, -0.286464
2.02851, -0.278639
2.03468, -0.270768
2.0408, -0.262856
2.04687, -0.254913
2.05292, -0.24695
2.05896, -0.238979
2.06501, -0.231018
2.07111, -0.223092
2.0773, -0.215238
2.08365, -0.207516
2.09028, -0.200029
2.09739, -0.192994
2.10536, -0.186958
2.11484, -0.183782
2.12417, -0.187392
2.13029, -0.195301
2.13448, -0.204379
2.13764, -0.213869
2.14013, -0.223553
2.14216, -0.233345
2.14383, -0.243203
2.14523, -0.253106
2.14638, -0.263039
2.14733, -0.272994
2.14809, -0.282965
2.1487, -0.292946
2.14916, -0.302936
2.14948, -0.312931
2.14967, -0.322929
2.14975, -0.332929
2.14971, -0.342929
2.14956, -0.352927
2.14931, -0.362924
2.14896, -0.372918
2.14852, -0.382908
2.14798, -0.392894
2.14736, -0.402875
2.14665, -0.412849
2.14585, -0.422817
2.14497, -0.432779
2.14401, -0.442733
2.14298, -0.452679
2.14186, -0.462617
2.14068, -0.472546
2.13941, -0.482466
2.13808, -0.492376
2.13667, -0.502277
2.13519, -0.512167
2.13365, -0.522047
2.13204, -0.531916
2.13035, -0.541774
2.12861, -0.55162
2.12679, -0.561454
2.12492, -0.571277
2.12298, -0.581087
2.12097, -0.590884
2.11891, -0.600668
2.11678, -0.61044
2.1146, -0.620197
2.11235, -0.629942
2.11004, -0.639672
2.10768, -0.649388
2.10525, -0.65909
2.10277, -0.668777
2.10023, -0.678449
2.09763, -0.688106
2.09498, -0.697748
2.09228, -0.707375
2.08951, -0.716986
2.08669, -0.72658
2.08382, -0.736159
2.0809, -0.745722
2.07792, -0.755268
2.07489, -0.764797
2.0718, -0.774309
2.06866, -0.783804
2.06547, -0.793282
2.06223, -0.802742
2.05894, -0.812185
2.0556, -0.82161
2.05221, -0.831016
2.04876, -0.840405
2.04527, -0.849775
2.04173, -0.859126
2.03813, -0.868459
2.03449, -0.877772
2.0308, -0.887067
2.02707, -0.896342
2.02328, -0.905598
2.01945, -0.914834
2.01556, -0.92405
2.01164, -0.933246
2.00766, -0.942421
2.00364, -0.951577
1.99957, -0.960712
1.99545, -0.969826
1.99129, -0.978919
1.98709, -0.987991
1.98283, -0.997042
1.97854, -1.00607
1.97419, -1.01508
1.96981, -1.02407
1.96537, -1.03303
1.9609, -1.04197
1.95638, -1.05089
1.95181, -1.05979
1.9472, -1.06866
1.94255, -1.07752
1.93786, -1.08635
1.93312, -1.09515
1.92834, -1.10393
1.92351, -1.11269
1.91865, -1.12143
1.91374, -1.13014
1.90879, -1.13883
1.90379, -1.14749
1.89876, -1.15613
1.89368, -1.16475
1.88857, -1.17334
1.88341, -1.18191
1.87821, -1.19045
1.87297, -1.19897
1.86768, -1.20746
1.86236, -1.21592
1.857, -1.22436
1.8516, -1.23278
1.84616, -1.24117
1.84067, -1.24953
1.83515, -1.25787
1.82959, -1.26618
1.82399, -1.27447
1.81835, -1.28272
1.81267, -1.29096
1.80695, -1.29916
1.8012, -1.30734
1.7954, -1.31549
1.78957, -1.32361
1.7837, -1.33171
1.77779, -1.33977
1.77185, -1.34781
1.76586, -1.35583
1.75984, -1.36381
1.75378, -1.37177
1.74769, -1.37969
1.74156, -1.38759
1.73539, -1.39546
1.72918, -1.4033
1.72294, -1.41112
1.71666, -1.4189
1.71035, -1.42665
1.704, -1.43438
1.69761, -1.44207
1.69119, -1.44974
1.68473, -1.45738
1.67824, -1.46498
1.67171, -1.47256
1.66515, -1.4801
1.65855, -1.48762
1.65192, -1.4951
1.64525, -1.50255
1.63855, -1.50998
1.63182, -1.51737
1.62505, -1.52473
1.61824, -1.53206
1.61141, -1.53936
1.60454, -1.54662
1.59763, -1.55386
1.5907, -1.56106
1.58373, -1.56823
1.57672, -1.57537
1.56969, -1.58248
1.56262, -1.58955
1.55552, -1.5966
1.54839, -1.6036
1.54123, -1.61058
1.53403, -1.61752
1.5268, -1.62444
1.51954, -1.63131
1.51225, -1.63816
1.50493, -1.64497
1.49758, -1.65175
1.49019, -1.65849
1.48278, -1.6652
1.47533, -1.67188
1.46786, -1.67852
1.46035, -1.68512
1.45281, -1.6917
1.44525, -1.69824
1.43765, -1.70474
1.43003, -1.71121
1.42237, -1.71765
1.41469, -1.72405
1.40698, -1.73041
1.39924, -1.73674
1.39147, -1.74304
1.38367, -1.74929
1.37584, -1.75552
1.36798, -1.76171
1.3601, -1.76786
1.35219, -1.77397
1.34425, -1.78005
1.33628, -1.7861
1.32829, -1.79211
1.32027, -1.79808
1.31222, -1.80401
1.30414, -1.80991
1.29604, -1.81577
1.28791, -1.8216
1.27976, -1.82739
1.27158, -1.83314
1.26337, -1.83885
1.25514, -1.84453
1.24688, -1.85017
1.2386, -1.85577
1.23029, -1.86133
1.22195, -1.86686
1.21359, -1.87235
1.20521, -1.8778
1.1968, -1.88321
1.18837, -1.88859
1.17991, -1.89392
1.17143, -1.89922
1.16293, -1.90448
1.1544, -1.9097
1.14585, -1.91489
1.13727, -1.92003
1.12867, -1.92513
1.12005, -1.9302
1.1114, -1.93523
1.10274, -1.94022
1.09405, -1.94516
1.08534, -1.95007
1.0766, -1.95494
1.06785, -1.95977
1.05907, -1.96457
1.05027, -1.96932
1.04145, -1.97403
1.03261, -1.9787
1.02374, -1.98333
1.01486, -1.98792
1.00596, -1.99248
0.997033, -1.99699
0.988088, -2.00146
0.979123, -2.00589
0.970138, -2.01028
0.961134, -2.01463
0.95211, -2.01894
0.943067, -2.02321
0.934004, -2.02743
0.924923, -2.03162
0.915822, -2.03577
0.906704, -2.03987
0.897566, -2.04393
0.888411, -2.04796
0.879238, -2.05194
0.870046, -2.05588
0.860837, -2.05977
0.851611, -2.06363
0.842367, -2.06745
0.833106, -2.07122
0.823829, -2.07495
0.814534, -2.07864
0.805223, -2.08229
0.795896, -2.0859
0.786553, -2.08946
0.777194, -2.09298
0.767818, -2.09646
0.758428, -2.0999
0.749022, -2.10329
0.739601, -2.10665
0.730164, -2.10996
0.720713, -2.11322
0.711248, -2.11645
0.701768, -2.11963
0.692274, -2.12277
0.682765, -2.12587
0.673243, -2.12892
0.663707, -2.13194
0.654158, -2.1349
0.644596, -2.13783
0.63502, -2.14071
0.625432, -2.14355
0.615831, -2.14635
0.606217, -2.1491
0.596592, -2.15181
0.586954, -2.15448
0.577304, -2.1571
0.567643, -2.15968
0.55797, -2.16222
0.548285, -2.16471
0.53859, -2.16716
0.528884, -2.16957
0.519167, -2.17193
0.509439, -2.17425
0.499701, -2.17652
0.489953, -2.17875
0.480195, -2.18094
0.470428, -2.18308
0.460651, -2.18518
0.450864, -2.18724
0.441069, -2.18925
0.431264, -2.19122
0.421451, -2.19314
0.411629, -2.19502
0.401799, -2.19685
0.391961, -2.19865
0.382114, -2.20039
0.37226, -2.2021
0.362399, -2.20375
0.35253, -2.20537
0.342654, -2.20694
0.332771, -2.20846
0.322881, -2.20994
0.312985, -2.21138
0.303082, -2.21277
0.293173, -2.21412
0.283259, -2.21542
0.273338, -2.21668
0.263412, -2.2179
0.253481, -2.21907
0.243544, -2.22019
0.233603, -2.22127
0.223657, -2.22231
0.213706, -2.2233
0.203751, -2.22424
0.193791, -2.22515
0.183828, -2.226
0.173861, -2.22681
0.163891, -2.22758
0.153917, -2.2283
0.14394, -2.22898
0.13396, -2.22962
0.123977, -2.2302
0.113992, -2.23075
0.104005, -2.23125
0.0940149, -2.2317
0.0840232, -2.23211
0.0740299, -2.23247
0.064035, -2.23279
0.0540388, -2.23307
0.0440414, -2.2333
0.0340431, -2.23348
0.0240441, -2.23362
0.0140445, -2.23372
0.00404468, -2.23377
-0.00595532, -2.23377
-0.0159552, -2.23374
-0.0259549, -2.23365
-0.0359541, -2.23352
-0.0459526, -2.23335
-0.0559502, -2.23313
-0.0659467, -2.23287
-0.0759419, -2.23256
-0.0859357, -2.2322
-0.0959278, -2.23181
-0.105918, -2.23136
-0.115906, -2.23088
-0.125892, -2.23034
-0.135875, -2.22977
-0.145856, -2.22915
-0.155834, -2.22848
-0.165808, -2.22777
-0.17578, -2.22701
-0.185748, -2.22621
-0.195712, -2.22537
-0.205672, -2.22448
-0.215628, -2.22354
-0.22558, -2.22256
-0.235528, -2.22154
-0.24547, -2.22047
-0.255408, -2.21936
-0.265341, -2.2182
-0.275269, -2.217
-0.285191, -2.21575
-0.295107, -2.21446
-0.305017, -2.21312
-0.314922, -2.21174
-0.32482, -2.21032
-0.334711, -2.20885
-0.344596, -2.20734
-0.354474, -2.20578
-0.364345, -2.20418
-0.374209, -2.20253
-0.384065, -2.20084
-0.393913, -2.19911
-0.403754, -2.19733
-0.413586, -2.19551
-0.423411, -2.19364
-0.433227, -2.19173
-0.443034, -2.18978
-0.452832, -2.18778
-0.462621, -2.18574
-0.472401, -2.18365
-0.482172, -2.18152
-0.491933, -2.17935
-0.501684, -2.17713
-0.511425, -2.17487
-0.521156, -2.17256
-0.530876, -2.17022
-0.540586, -2.16782
-0.550285, -2.16539
-0.559973, -2.16291
-0.56965, -2.16039
-0.579315, -2.15782
-0.588969, -2.15521
-0.598611, -2.15256
-0.608241, -2.14987
-0.617858, -2.14713
-0.627464, -2.14435
-0.637057, -2.14152
-0.646637, -2.13866
-0.656204, -2.13575
-0.665758, -2.13279
-0.675299, -2.1298
-0.684826, -2.12676
-0.69434, -2.12368
-0.703839, -2.12055
-0.713325, -2.11739
-0.722796, -2.11418
-0.732253, -2.11093
-0.741695, -2.10764
-0.751122, -2.1043
-0.760535, -2.10092
-0.769932, -2.0975
-0.779313, -2.09404
-0.788679, -2.09054
-0.798029, -2.08699
-0.807364, -2.0834
-0.816682, -2.07977
-0.825983, -2.0761
-0.835269, -2.07239
-0.844537, -2.06863
-0.853789, -2.06484
-0.863023, -2.061
-0.87224, -2.05712
-0.88144, -2.0532
-0.890622, -2.04924
-0.899786, -2.04524
-0.908932, -2.0412
-0.91806, -2.03711
-0.92717, -2.03299
-0.936261, -2.02882
-0.945333, -2.02462
-0.954387, -2.02037
-0.963421, -2.01608
-0.972436, -2.01175
-0.981432, -2.00738
-0.990407, -2.00298
-0.999363, -1.99853
-1.0083, -1.99404
-1.01722, -1.98951
-1.02611, -1.98494
-1.03499, -1.98033
-1.04384, -1.97569
-1.05267, -1.971
-1.06149, -1.96627
-1.07028, -1.9615
-1.07905, -1.9567
-1.08779, -1.95185
-1.09652, -1.94697
-1.10522, -1.94205
-1.11391, -1.93708
-1.12257, -1.93208
-1.1312, -1.92704
-1.13982, -1.92196
-1.14841, -1.91685
-1.15698, -1.91169
-1.16552, -1.9065
-1.17405, -1.90127
-1.18254, -1.896
-1.19102, -1.89069
-1.19947, -1.88534
-1.2079, -1.87996
-1.2163, -1.87454
-1.22468, -1.86908
-1.23303, -1.86358
-1.24136, -1.85805
-1.24967, -1.85248
-1.25795, -1.84687
-1.2662, -1.84122
-1.27443, -1.83554
-1.28263, -1.82982
-1.29081, -1.82407
-1.29896, -1.81828
-1.30709, -1.81245
-1.31519, -1.80658
-1.32326, -1.80068
-1.33131, -1.79475
-1.33933, -1.78877
-1.34732, -1.78276
-1.35529, -1.77672
-1.36323, -1.77064
-1.37114, -1.76452
-1.37902, -1.75837
-1.38688, -1.75219
-1.39471, -1.74596
-1.40251, -1.73971
-1.41028, -1.73342
-1.41803, -1.72709
-1.42574, -1.72073
-1.43343, -1.71433
-1.44109, -1.7079
-1.44872, -1.70144
-1.45632, -1.69494
-1.46389, -1.68841
-1.47144, -1.68185
-1.47895, -1.67525
-1.48643, -1.66861
-1.49389, -1.66195
-1.50131, -1.65525
-1.50871, -1.64851
-1.51607, -1.64175
-1.5234, -1.63495
-1.5307, -1.62812
-1.53798, -1.62125
-1.54522, -1.61436
-1.55243, -1.60743
-1.55961, -1.60047
-1.56676, -1.59347
-1.57387, -1.58645
-1.58096, -1.57939
-1.58801, -1.5723
-1.59503, -1.56518
-1.60202, -1.55803
-1.60898, -1.55085
-1.61591, -1.54364
-1.6228, -1.53639
-1.62966, -1.52912
-1.63649, -1.52181
-1.64328, -1.51447
-1.65004, -1.50711
-1.65677, -1.49971
-1.66347, -1.49228
-1.67013, -1.48482
-1.67676, -1.47734
-1.68336, -1.46982
-1.68992, -1.46227
-1.69645, -1.4547
-1.70294, -1.44709
-1.7094, -1.43946
-1.71583, -1.4318
-1.72222, -1.42411
-1.72857, -1.41639
-1.7349, -1.40864
-1.74118, -1.40086
-1.74744, -1.39306
-1.75365, -1.38523
-1.75984, -1.37737
-1.76598, -1.36948
-1.7721, -1.36157
-1.77817, -1.35362
-1.78421, -1.34566
-1.79022, -1.33766
-1.79619, -1.32964
-1.80212, -1.32159
-1.80802, -1.31351
-1.81388, -1.30541
-1.8197, -1.29728
-1.82549, -1.28912
-1.83124, -1.28094
-1.83696, -1.27274
-1.84264, -1.26451
-1.84828, -1.25625
-1.85388, -1.24797
-1.85945, -1.23966
-1.86498, -1.23133
-1.87047, -1.22297
-1.87593, -1.21459
-1.88134, -1.20619
-1.88672, -1.19776
-1.89207, -1.1893
-1.89737, -1.18083
-1.90264, -1.17232
-1.90786, -1.1638
-1.91305, -1.15525
-1.91821, -1.14668
-1.92332, -1.13809
-1.92839, -1.12947
-1.93343, -1.12083
-1.93843, -1.11217
-1.94339, -1.10348
-1.9483, -1.09478
-1.95318, -1.08605
-1.95803, -1.0773
-1.96283, -1.06853
-1.96759, -1.05974
-1.97231, -1.05092
-1.977, -1.04209
-1.98164, -1.03323
-1.98625, -1.02435
-1.99081, -1.01546
-1.99534, -1.00654
-1.99982, -0.997601
-2.00427, -0.988643
-2.00867, -0.979665
-2.01304, -0.970668
-2.01736, -0.961651
-2.02164, -0.952615
-2.02589, -0.94356
-2.03009, -0.934486
-2.03425, -0.925394
-2.03837, -0.916283
-2.04246, -0.907153
-2.04649, -0.898005
-2.05049, -0.88884
-2.05445, -0.879656
-2.05837, -0.870455
-2.06224, -0.861236
-2.06608, -0.852001
-2.06987, -0.842748
-2.07362, -0.833478
-2.07733, -0.824191
-2.081, -0.814888
-2.08462, -0.805569
-2.08821, -0.796234
-2.09175, -0.786882
-2.09525, -0.777515
-2.09871, -0.768132
-2.10213, -0.758734
-2.1055, -0.749321
-2.10884, -0.739893
-2.11213, -0.730449
-2.11537, -0.720992
-2.11858, -0.711519
-2.12174, -0.702033
-2.12486, -0.692532
-2.12794, -0.683018
-2.13098, -0.67349
-2.13397, -0.663948
-2.13692, -0.654393
-2.13983, -0.644825
-2.14269, -0.635244
-2.14552, -0.625651
-2.14829, -0.616044
-2.15103, -0.606426
-2.15372, -0.596795
-2.15637, -0.587153
-2.15898, -0.577498
-2.16154, -0.567832
-2.16406, -0.558155
-2.16654, -0.548466
-2.16897, -0.538767
-2.17136, -0.529057
-2.17371, -0.519336
-2.17601, -0.509605
-2.17827, -0.499863
-2.18048, -0.490111
-2.18266, -0.48035
-2.18478, -0.470579
-2.18687, -0.460799
-2.18891, -0.451009
-2.1909, -0.441211
-2.19286, -0.431403
-2.19477, -0.421587
-2.19663, -0.411762
-2.19845, -0.40193
-2.20023, -0.392089
-2.20196, -0.38224
-2.20365, -0.372384
-2.20529, -0.36252
-2.2069, -0.352649
-2.20845, -0.34277
-2.20996, -0.332885
-2.21143, -0.322994
-2.21285, -0.313096
-2.21423, -0.303191
-2.21557, -0.293281
-2.21686, -0.283364
-2.21811, -0.273442
-2.21931, -0.263515
-2.22046, -0.253582
-2.22158, -0.243644
-2.22264, -0.233701
-2.22367, -0.223754
-2.22465, -0.213802
-2.22558, -0.203845
-2.22647, -0.193885
-2.22732, -0.183921
-2.22812, -0.173953
-2.22887, -0.163982
-2.22959, -0.154007
-2.23025, -0.144029
-2.23088, -0.134049
-2.23145, -0.124065
-2.23199, -0.11408
-2.23247, -0.104092
-2.23292, -0.0941014
-2.23332, -0.0841093
-2.23367, -0.0741156
-2.23398, -0.0641204
-2.23424, -0.0541239
-2.23446, -0.0441263
-2.23464, -0.0341279
-2.23477, -0.0241287
-2.23486, -0.0141291
-2.2349, -0.00412916
-2.23489, 0.00587084
-2.23484, 0.0158707
-2.23475, 0.0258703
-2.23461, 0.0358693
-2.23443, 0.0458677
-2.2342, 0.0558651
-2.23393, 0.0658614
-2.23361, 0.0758563
-2.23325, 0.0858498
-2.23284, 0.0958415
-2.23239, 0.105831
-2.2319, 0.115819
-2.23136, 0.125804
-2.23077, 0.135787
-2.23014, 0.145767
-2.22947, 0.155745
-2.22875, 0.165719
-2.22798, 0.175689
-2.22717, 0.185657
-2.22632, 0.19562
-2.22542, 0.20558
-2.22448, 0.215535
-2.22349, 0.225487
-2.22246, 0.235433
-2.22139, 0.245375
-2.22027, 0.255312
-2.2191, 0.265244
-2.21789, 0.275171
-2.21664, 0.285092
-2.21534, 0.295007
-2.214, 0.304917
-2.21261, 0.31482
-2.21118, 0.324717
-2.2097, 0.334608
-2.20818, 0.344491
-2.20662, 0.354368
-2.20501, 0.364238
-2.20336, 0.374101
-2.20166, 0.383956
-2.19992, 0.393803
-2.19814, 0.403643
-2.19631, 0.413474
-2.19444, 0.423297
-2.19252, 0.433112
-2.19056, 0.442918
-2.18856, 0.452715
-2.18651, 0.462503
-2.18442, 0.472282
-2.18228, 0.482051
-2.1801, 0.491811
-2.17788, 0.50156
-2.17561, 0.5113
-2.1733, 0.52103
-2.17095, 0.530749
-2.16855, 0.540457
-2.16611, 0.550155
-2.16363, 0.559841
-2.1611, 0.569517
-2.15853, 0.579181
-2.15591, 0.588833
-2.15326, 0.598474
-2.15056, 0.608102
-2.14781, 0.617718
-2.14503, 0.627322
-2.1422, 0.636914
-2.13933, 0.646493
-2.13641, 0.656058
-2.13345, 0.665611
-2.13045, 0.67515
-2.12741, 0.684676
-2.12432, 0.694188
-2.1212, 0.703686
-2.11803, 0.71317
-2.11481, 0.72264
-2.11156, 0.732095
-2.10826, 0.741536
-2.10492, 0.750961
-2.10154, 0.760372
-2.09811, 0.769768
-2.09465, 0.779148
-2.09114, 0.788512
-2.08759, 0.797861
-2.084, 0.807193
-2.08036, 0.81651
-2.07669, 0.82581
-2.07297, 0.835094
-2.06921, 0.84436
-2.06541, 0.85361
-2.06157, 0.862843
-2.05769, 0.872059
-2.05376, 0.881257
-2.0498, 0.890437
-2.04579, 0.8996
-2.04175, 0.908744
-2.03766, 0.917871
-2.03353, 0.926979
-2.02936, 0.936068
-2.02515, 0.945139
-2.0209, 0.954191
-2.01661, 0.963223
-2.01228, 0.972236
-2.00791, 0.98123
-2.0035, 0.990204
-1.99904, 0.999159
-1.99455, 1.00809
-1.99002, 1.01701
-1.98545, 1.0259
-1.98084, 1.03477
-1.97619, 1.04363
-1.97149, 1.05246
-1.96676, 1.06127
-1.96199, 1.07006
-1.95719, 1.07883
-1.95234, 1.08757
-1.94745, 1.0963
-1.94252, 1.105
-1.93756, 1.11368
-1.93256, 1.12234
-1.92751, 1.13097
-1.92243, 1.13959
-1.91731, 1.14818
-1.91215, 1.15674
-1.90696, 1.16529
-1.90172, 1.17381
-1.89645, 1.1823
-1.89114, 1.19078
-1.88579, 1.19923
-1.8804, 1.20765
-1.87498, 1.21605
-1.86952, 1.22443
-1.86402, 1.23278
-1.85848, 1.24111
-1.85291, 1.24941
-1.8473, 1.25769
-1.84165, 1.26594
-1.83597, 1.27417
-1.83024, 1.28237
-1.82449, 1.29055
-1.81869, 1.2987
-1.81286, 1.30682
-1.80699, 1.31492
-1.80109, 1.32299
-1.79515, 1.33104
-1.78918, 1.33905
-1.78316, 1.34705
-1.77712, 1.35501
-1.77103, 1.36295
-1.76492, 1.37086
-1.75876, 1.37874
-1.75257, 1.38659
-1.74635, 1.39442
-1.74009, 1.40222
-1.7338, 1.40999
-1.72747, 1.41774
-1.72111, 1.42545
-1.71471, 1.43314
-1.70828, 1.44079
-1.70181, 1.44842
-1.69531, 1.45602
-1.68878, 1.46359
-1.68221, 1.47113
-1.67561, 1.47864
-1.66897, 1.48612
-1.66231, 1.49358
-1.6556, 1.501
-1.64887, 1.50839
-1.6421, 1.51575
-1.6353, 1.52308
-1.62847, 1.53038
-1.6216, 1.53765
-1.6147, 1.54489
-1.60777, 1.5521
-1.60081, 1.55928
-1.59381, 1.56643
-1.58678, 1.57354
-1.57973, 1.58062
-1.57264, 1.58767
-1.56551, 1.59469
-1.55836, 1.60168
-1.55117, 1.60864
-1.54396, 1.61556
-1.53671, 1.62245
-1.52944, 1.62931
-1.52213, 1.63614
-1.51479, 1.64293
-1.50742, 1.64969
-1.50002, 1.65642
-1.49259, 1.66311
-1.48513, 1.66977
-1.47764, 1.6764
-1.47012, 1.68299
-1.46258, 1.68955
-1.455, 1.69608
-1.44739, 1.70257
-1.43976, 1.70903
-1.43209, 1.71545
-1.4244, 1.72184
-1.41668, 1.72819
-1.40893, 1.73451
-1.40115, 1.7408
-1.39335, 1.74705
-1.38551, 1.75327
-1.37765, 1.75945
-1.36976, 1.76559
-1.36185, 1.7717
-1.3539, 1.77777
-1.34593, 1.78381
-1.33793, 1.78982
-1.32991, 1.79578
-1.32186, 1.80171
-1.31378, 1.80761
-1.30567, 1.81347
-1.29754, 1.81929
-1.28939, 1.82507
-1.28121, 1.83082
-1.273, 1.83654
-1.26476, 1.84221
-1.25651, 1.84785
-1.24822, 1.85345
-1.23991, 1.85902
-1.23158, 1.86454
-1.22322, 1.87003
-1.21484, 1.87549
-1.20643, 1.8809
-1.198, 1.88628
-1.18954, 1.89162
-1.18107, 1.89692
-1.17256, 1.90218
-1.16404, 1.90741
-1.15549, 1.91259
-1.14691, 1.91774
-1.13832, 1.92285
-1.1297, 1.92792
-1.12106, 1.93296
-1.11239, 1.93795
-1.10371, 1.94291
-1.095, 1.94782
-1.08627, 1.9527
-1.07752, 1.95754
-1.06875, 1.96234
-1.05995, 1.9671
-1.05114, 1.97182
-1.0423, 1.9765
-1.03344, 1.98114
-1.02456, 1.98574
-1.01566, 1.9903
-1.00674, 1.99482
-0.997805, 1.99931
-0.988845, 2.00375
-0.979866, 2.00815
-0.970867, 2.01251
-0.961849, 2.01683
-0.952811, 2.02111
-0.943755, 2.02535
-0.934679, 2.02955
-0.925585, 2.03371
-0.916472, 2.03783
-0.907341, 2.0419
-0.898191, 2.04594
-0.889024, 2.04993
-0.879839, 2.05389
-0.870636, 2.0578
-0.861416, 2.06167
-0.852179, 2.0655
-0.842924, 2.06929
-0.833653, 2.07304
-0.824365, 2.07674
-0.81506, 2.08041
-0.805739, 2.08403
-0.796402, 2.08761
-0.787049, 2.09115
-0.77768, 2.09465
-0.768296, 2.0981
-0.758896, 2.10151
-0.749481, 2.10488
-0.740052, 2.10821
-0.730607, 2.1115
-0.721148, 2.11474
-0.711674, 2.11794
-0.702186, 2.1211
-0.692684, 2.12422
-0.683168, 2.12729
-0.673638, 2.13032
-0.664095, 2.13331
-0.654539, 2.13626
-0.644969, 2.13916
-0.635387, 2.14202
-0.625792, 2.14484
-0.616184, 2.14761
-0.606564, 2.15034
-0.596932, 2.15303
-0.587288, 2.15567
-0.577632, 2.15827
-0.567965, 2.16083
-0.558286, 2.16334
-0.548596, 2.16582
-0.538896, 2.16824
-0.529184, 2.17063
-0.519462, 2.17297
-0.509729, 2.17527
-0.499986, 2.17752
-0.490233, 2.17973
-0.480471, 2.18189
-0.470699, 2.18402
-0.460917, 2.18609
-0.451126, 2.18813
-0.441326, 2.19012
-0.431518, 2.19207
-0.4217, 2.19397
-0.411875, 2.19583
-0.402041, 2.19764
-0.392199, 2.19941
-0.382349, 2.20114
-0.372491, 2.20282
-0.362626, 2.20446
-0.352754, 2.20605
-0.342875, 2.2076
-0.332989, 2.20911
-0.323096, 2.21057
-0.313197, 2.21199
-0.303292, 2.21336
-0.29338, 2.21469
-0.283463, 2.21597
-0.27354, 2.21721
-0.263611, 2.2184
-0.253678, 2.21955
-0.243739, 2.22066
-0.233795, 2.22172
-0.223847, 2.22274
-0.213895, 2.22371
-0.203938, 2.22463
-0.193977, 2.22552
-0.184012, 2.22635
-0.174043, 2.22715
-0.164071, 2.22789
-0.154096, 2.2286
-0.144118, 2.22926
-0.134137, 2.22987
-0.124153, 2.23044
-0.114167, 2.23096
-0.104178, 2.23144
-0.0941876, 2.23188
-0.0841952, 2.23227
-0.0742012, 2.23262
-0.0642057, 2.23292
-0.054209, 2.23317
-0.0442112, 2.23338
-0.0342126, 2.23355
-0.0242133, 2.23367
-0.0142136, 2.23375
-0.00421364, 2.23378
